/*--------------------------------*- C++ -*----------------------------------*\
| =========                 |                                                 |
| \\      /  F ield         | OpenFOAM: The Open Source CFD Toolbox           |
|  \\    /   O peration     | Version:  v1906                                 |
|   \\  /    A nd           | Web:      www.OpenFOAM.com                      |
|    \\/     M anipulation  |                                                 |
\*---------------------------------------------------------------------------*/
FoamFile
{
    version     2.0;
    format      ascii;
    class       faceList;
    location    "constant/polyMesh";
    object      faces;
}
// * * * * * * * * * * * * * * * * * * * * * * * * * * * * * * * * * * * * * //


355
(
4(1 7 43 37)
4(6 42 43 7)
4(2 8 44 38)
4(7 43 44 8)
4(3 9 45 39)
4(8 44 45 9)
4(4 10 46 40)
4(9 45 46 10)
4(10 46 47 11)
4(7 13 49 43)
4(12 48 49 13)
4(8 14 50 44)
4(13 49 50 14)
4(9 15 51 45)
4(14 50 51 15)
4(10 16 52 46)
4(15 51 52 16)
4(16 52 53 17)
4(13 19 55 49)
4(18 54 55 19)
4(14 20 56 50)
4(19 55 56 20)
4(15 21 57 51)
4(20 56 57 21)
4(16 22 58 52)
4(21 57 58 22)
4(22 58 59 23)
4(19 25 61 55)
4(24 60 61 25)
4(20 26 62 56)
4(25 61 62 26)
4(21 27 63 57)
4(26 62 63 27)
4(22 28 64 58)
4(27 63 64 28)
4(28 64 65 29)
4(25 31 67 61)
4(30 66 67 31)
4(26 32 68 62)
4(31 67 68 32)
4(27 33 69 63)
4(32 68 69 33)
4(28 34 70 64)
4(33 69 70 34)
4(34 70 71 35)
4(31 73 91 67)
4(72 90 91 73)
4(30 66 90 72)
4(32 74 92 68)
4(73 91 92 74)
4(33 75 93 69)
4(74 92 93 75)
4(34 76 94 70)
4(75 93 94 76)
4(76 94 95 77)
4(35 77 95 71)
4(73 79 97 91)
4(78 96 97 79)
4(72 90 96 78)
4(74 80 98 92)
4(79 97 98 80)
4(75 81 99 93)
4(80 98 99 81)
4(76 82 100 94)
4(81 99 100 82)
4(82 100 101 83)
4(77 83 101 95)
4(79 85 103 97)
4(78 96 102 84)
4(80 86 104 98)
4(81 87 105 99)
4(82 88 106 100)
4(83 89 107 101)
4(109 114 134 129)
4(113 133 134 114)
4(110 115 135 130)
4(114 134 135 115)
4(111 116 136 131)
4(115 135 136 116)
4(116 136 137 117)
4(112 117 137 132)
4(114 119 139 134)
4(118 138 139 119)
4(115 120 140 135)
4(119 139 140 120)
4(116 121 141 136)
4(120 140 141 121)
4(121 141 142 122)
4(117 122 142 137)
4(119 124 144 139)
4(120 125 145 140)
4(121 126 146 141)
4(122 127 147 142)
4(148 149 153 152)
4(117 137 153 149)
4(149 153 90 72)
4(149 150 154 153)
4(122 142 154 150)
4(150 154 96 78)
4(150 151 155 154)
4(156 160 176 172)
4(77 95 176 160)
4(157 161 177 173)
4(160 176 177 161)
4(158 162 178 174)
4(161 177 178 162)
4(162 178 179 163)
4(159 163 179 175)
4(160 164 180 176)
4(83 101 180 164)
4(161 165 181 177)
4(164 180 181 165)
4(162 166 182 178)
4(165 181 182 166)
4(166 182 183 167)
4(163 167 183 179)
4(164 168 184 180)
4(165 169 185 181)
4(166 170 186 182)
4(167 171 187 183)
4(188 192 208 204)
4(163 179 208 192)
4(189 193 209 205)
4(192 208 209 193)
4(190 194 210 206)
4(193 209 210 194)
4(194 210 211 195)
4(192 196 212 208)
4(167 183 212 196)
4(193 197 213 209)
4(196 212 213 197)
4(194 198 214 210)
4(197 213 214 198)
4(198 214 215 199)
4(196 200 216 212)
4(197 201 217 213)
4(198 202 218 214)
4(108 128 133 113)
4(113 133 138 118)
4(118 138 143 123)
4(191 195 211 207)
4(195 199 215 211)
4(199 203 219 215)
4(123 143 144 124)
4(124 144 145 125)
4(125 145 146 126)
4(126 146 147 127)
4(127 147 155 151)
4(151 155 102 84)
4(84 102 103 85)
4(85 103 104 86)
4(86 104 105 87)
4(87 105 106 88)
4(88 106 107 89)
4(89 107 184 168)
4(168 184 185 169)
4(169 185 186 170)
4(170 186 187 171)
4(171 187 216 200)
4(200 216 217 201)
4(201 217 218 202)
4(202 218 219 203)
4(112 148 152 132)
4(148 30 66 152)
4(35 156 172 71)
4(156 157 173 172)
4(157 158 174 173)
4(158 159 175 174)
4(108 109 129 128)
4(109 110 130 129)
4(110 111 131 130)
4(111 112 132 131)
4(159 188 204 175)
4(188 189 205 204)
4(189 190 206 205)
4(190 191 207 206)
4(0 36 42 6)
4(6 42 48 12)
4(12 48 54 18)
4(18 54 60 24)
4(24 60 66 30)
4(5 11 47 41)
4(11 17 53 47)
4(17 23 59 53)
4(23 29 65 59)
4(29 35 71 65)
4(0 1 37 36)
4(1 2 38 37)
4(2 3 39 38)
4(3 4 40 39)
4(4 5 41 40)
4(0 6 7 1)
4(6 12 13 7)
4(12 18 19 13)
4(18 24 25 19)
4(24 30 31 25)
4(1 7 8 2)
4(7 13 14 8)
4(13 19 20 14)
4(19 25 26 20)
4(25 31 32 26)
4(2 8 9 3)
4(8 14 15 9)
4(14 20 21 15)
4(20 26 27 21)
4(26 32 33 27)
4(3 9 10 4)
4(9 15 16 10)
4(15 21 22 16)
4(21 27 28 22)
4(27 33 34 28)
4(4 10 11 5)
4(10 16 17 11)
4(16 22 23 17)
4(22 28 29 23)
4(28 34 35 29)
4(36 37 43 42)
4(42 43 49 48)
4(48 49 55 54)
4(54 55 61 60)
4(60 61 67 66)
4(37 38 44 43)
4(43 44 50 49)
4(49 50 56 55)
4(55 56 62 61)
4(61 62 68 67)
4(38 39 45 44)
4(44 45 51 50)
4(50 51 57 56)
4(56 57 63 62)
4(62 63 69 68)
4(39 40 46 45)
4(45 46 52 51)
4(51 52 58 57)
4(57 58 64 63)
4(63 64 70 69)
4(40 41 47 46)
4(46 47 53 52)
4(52 53 59 58)
4(58 59 65 64)
4(64 65 71 70)
4(30 72 73 31)
4(72 78 79 73)
4(78 84 85 79)
4(31 73 74 32)
4(73 79 80 74)
4(79 85 86 80)
4(32 74 75 33)
4(74 80 81 75)
4(80 86 87 81)
4(33 75 76 34)
4(75 81 82 76)
4(81 87 88 82)
4(34 76 77 35)
4(76 82 83 77)
4(82 88 89 83)
4(66 67 91 90)
4(90 91 97 96)
4(96 97 103 102)
4(67 68 92 91)
4(91 92 98 97)
4(97 98 104 103)
4(68 69 93 92)
4(92 93 99 98)
4(98 99 105 104)
4(69 70 94 93)
4(93 94 100 99)
4(99 100 106 105)
4(70 71 95 94)
4(94 95 101 100)
4(100 101 107 106)
4(108 113 114 109)
4(113 118 119 114)
4(118 123 124 119)
4(109 114 115 110)
4(114 119 120 115)
4(119 124 125 120)
4(110 115 116 111)
4(115 120 121 116)
4(120 125 126 121)
4(111 116 117 112)
4(116 121 122 117)
4(121 126 127 122)
4(128 129 134 133)
4(133 134 139 138)
4(138 139 144 143)
4(129 130 135 134)
4(134 135 140 139)
4(139 140 145 144)
4(130 131 136 135)
4(135 136 141 140)
4(140 141 146 145)
4(131 132 137 136)
4(136 137 142 141)
4(141 142 147 146)
4(112 117 149 148)
4(117 122 150 149)
4(122 127 151 150)
4(148 149 72 30)
4(149 150 78 72)
4(150 151 84 78)
4(132 152 153 137)
4(137 153 154 142)
4(142 154 155 147)
4(152 66 90 153)
4(153 90 96 154)
4(154 96 102 155)
4(35 77 160 156)
4(77 83 164 160)
4(83 89 168 164)
4(156 160 161 157)
4(160 164 165 161)
4(164 168 169 165)
4(157 161 162 158)
4(161 165 166 162)
4(165 169 170 166)
4(158 162 163 159)
4(162 166 167 163)
4(166 170 171 167)
4(71 172 176 95)
4(95 176 180 101)
4(101 180 184 107)
4(172 173 177 176)
4(176 177 181 180)
4(180 181 185 184)
4(173 174 178 177)
4(177 178 182 181)
4(181 182 186 185)
4(174 175 179 178)
4(178 179 183 182)
4(182 183 187 186)
4(159 163 192 188)
4(163 167 196 192)
4(167 171 200 196)
4(188 192 193 189)
4(192 196 197 193)
4(196 200 201 197)
4(189 193 194 190)
4(193 197 198 194)
4(197 201 202 198)
4(190 194 195 191)
4(194 198 199 195)
4(198 202 203 199)
4(175 204 208 179)
4(179 208 212 183)
4(183 212 216 187)
4(204 205 209 208)
4(208 209 213 212)
4(212 213 217 216)
4(205 206 210 209)
4(209 210 214 213)
4(213 214 218 217)
4(206 207 211 210)
4(210 211 215 214)
4(214 215 219 218)
)


// ************************************************************************* //
