/*--------------------------------*- C++ -*----------------------------------*\
| =========                 |                                                 |
| \\      /  F ield         | OpenFOAM: The Open Source CFD Toolbox           |
|  \\    /   O peration     | Version:  v1906                                 |
|   \\  /    A nd           | Web:      www.OpenFOAM.com                      |
|    \\/     M anipulation  |                                                 |
\*---------------------------------------------------------------------------*/
FoamFile
{
    version     2.0;
    format      ascii;
    class       labelList;
    note        "nPoints:220  nCells:82  nFaces:355  nInternalFaces:137";
    location    "constant/polyMesh";
    object      owner;
}
// * * * * * * * * * * * * * * * * * * * * * * * * * * * * * * * * * * * * * //


355
(
0
0
1
1
2
2
3
3
4
5
5
6
6
7
7
8
8
9
10
10
11
11
12
12
13
13
14
15
15
16
16
17
17
18
18
19
20
20
21
21
22
22
23
23
24
25
25
25
26
26
27
27
28
28
29
29
30
30
30
31
31
32
32
33
33
34
34
35
35
36
37
38
39
40
40
41
41
42
42
43
43
44
44
45
45
46
46
47
47
48
49
50
51
52
52
53
54
54
55
56
58
58
59
59
60
60
61
61
62
62
63
63
64
64
65
65
66
67
68
69
70
70
71
71
72
72
73
74
74
75
75
76
76
77
78
79
80
40
44
48
73
77
81
48
49
50
51
56
57
35
36
37
38
39
66
67
68
69
78
79
80
81
52
53
58
59
60
61
40
41
42
43
70
71
72
73
0
5
10
15
20
4
9
14
19
24
0
1
2
3
4
0
5
10
15
20
1
6
11
16
21
2
7
12
17
22
3
8
13
18
23
4
9
14
19
24
0
5
10
15
20
1
6
11
16
21
2
7
12
17
22
3
8
13
18
23
4
9
14
19
24
25
30
35
26
31
36
27
32
37
28
33
38
29
34
39
25
30
35
26
31
36
27
32
37
28
33
38
29
34
39
40
44
48
41
45
49
42
46
50
43
47
51
40
44
48
41
45
49
42
46
50
43
47
51
52
54
56
53
55
57
52
54
56
53
55
57
58
62
66
59
63
67
60
64
68
61
65
69
58
62
66
59
63
67
60
64
68
61
65
69
70
74
78
71
75
79
72
76
80
73
77
81
70
74
78
71
75
79
72
76
80
73
77
81
)


// ************************************************************************* //
