/*--------------------------------*- C++ -*----------------------------------*\
| =========                 |                                                 |
| \\      /  F ield         | OpenFOAM: The Open Source CFD Toolbox           |
|  \\    /   O peration     | Version:  v1906                                 |
|   \\  /    A nd           | Web:      www.OpenFOAM.com                      |
|    \\/     M anipulation  |                                                 |
\*---------------------------------------------------------------------------*/
FoamFile
{
    version     2.0;
    format      ascii;
    class       vectorField;
    location    "constant/polyMesh";
    object      points;
}
// * * * * * * * * * * * * * * * * * * * * * * * * * * * * * * * * * * * * * //


220
(
(0 0 0)
(0.2 0 0)
(0.4 0 0)
(0.6 0 0)
(0.8 0 0)
(1 0 0)
(0 0.2 0)
(0.2 0.2 0)
(0.4 0.2 0)
(0.6 0.2 0)
(0.8 0.2 0)
(1 0.2 0)
(0 0.4 0)
(0.2 0.4 0)
(0.4 0.4 0)
(0.6 0.4 0)
(0.8 0.4 0)
(1 0.4 0)
(0 0.6 0)
(0.2 0.6 0)
(0.4 0.6 0)
(0.6 0.6 0)
(0.8 0.6 0)
(1 0.6 0)
(0 0.8 0)
(0.2 0.8 0)
(0.4 0.8 0)
(0.6 0.8 0)
(0.8 0.8 0)
(1 0.8 0)
(0 1 0)
(0.2 1 0)
(0.4 1 0)
(0.6 1 0)
(0.8 1 0)
(1 1 0)
(0 0 0.1)
(0.2 0 0.1)
(0.4 0 0.1)
(0.6 0 0.1)
(0.8 0 0.1)
(1 0 0.1)
(0 0.2 0.1)
(0.2 0.2 0.1)
(0.4 0.2 0.1)
(0.6 0.2 0.1)
(0.8 0.2 0.1)
(1 0.2 0.1)
(0 0.4 0.1)
(0.2 0.4 0.1)
(0.4 0.4 0.1)
(0.6 0.4 0.1)
(0.8 0.4 0.1)
(1 0.4 0.1)
(0 0.6 0.1)
(0.2 0.6 0.1)
(0.4 0.6 0.1)
(0.6 0.6 0.1)
(0.8 0.6 0.1)
(1 0.6 0.1)
(0 0.8 0.1)
(0.2 0.8 0.1)
(0.4 0.8 0.1)
(0.6 0.8 0.1)
(0.8 0.8 0.1)
(1 0.8 0.1)
(0 1 0.1)
(0.2 1 0.1)
(0.4 1 0.1)
(0.6 1 0.1)
(0.8 1 0.1)
(1 1 0.1)
(0 1.16666666666667 0)
(0.2 1.16666666666667 0)
(0.4 1.16666666666667 0)
(0.6 1.16666666666667 0)
(0.8 1.16666666666667 0)
(1 1.16666666666667 0)
(0 1.33333333333333 0)
(0.2 1.33333333333333 0)
(0.4 1.33333333333333 0)
(0.6 1.33333333333333 0)
(0.8 1.33333333333333 0)
(1 1.33333333333333 0)
(0 1.5 0)
(0.2 1.5 0)
(0.4 1.5 0)
(0.6 1.5 0)
(0.8 1.5 0)
(1 1.5 0)
(0 1.16666666666667 0.1)
(0.2 1.16666666666667 0.1)
(0.4 1.16666666666667 0.1)
(0.6 1.16666666666667 0.1)
(0.8 1.16666666666667 0.1)
(1 1.16666666666667 0.1)
(0 1.33333333333333 0.1)
(0.2 1.33333333333333 0.1)
(0.4 1.33333333333333 0.1)
(0.6 1.33333333333333 0.1)
(0.8 1.33333333333333 0.1)
(1 1.33333333333333 0.1)
(0 1.5 0.1)
(0.2 1.5 0.1)
(0.4 1.5 0.1)
(0.6 1.5 0.1)
(0.8 1.5 0.1)
(1 1.5 0.1)
(-1.2 1 0)
(-1 1 0)
(-0.8 1 0)
(-0.6 1 0)
(-0.4 1 0)
(-1.2 1.16666666666667 0)
(-1 1.16666666666667 0)
(-0.8 1.16666666666667 0)
(-0.6 1.16666666666667 0)
(-0.4 1.16666666666667 0)
(-1.2 1.33333333333333 0)
(-1 1.33333333333333 0)
(-0.8 1.33333333333333 0)
(-0.6 1.33333333333333 0)
(-0.4 1.33333333333333 0)
(-1.2 1.5 0)
(-1 1.5 0)
(-0.8 1.5 0)
(-0.6 1.5 0)
(-0.4 1.5 0)
(-1.2 1 0.1)
(-1 1 0.1)
(-0.8 1 0.1)
(-0.6 1 0.1)
(-0.4 1 0.1)
(-1.2 1.16666666666667 0.1)
(-1 1.16666666666667 0.1)
(-0.8 1.16666666666667 0.1)
(-0.6 1.16666666666667 0.1)
(-0.4 1.16666666666667 0.1)
(-1.2 1.33333333333333 0.1)
(-1 1.33333333333333 0.1)
(-0.8 1.33333333333333 0.1)
(-0.6 1.33333333333333 0.1)
(-0.4 1.33333333333333 0.1)
(-1.2 1.5 0.1)
(-1 1.5 0.1)
(-0.8 1.5 0.1)
(-0.6 1.5 0.1)
(-0.4 1.5 0.1)
(-0.2 1 0)
(-0.2 1.16666666666667 0)
(-0.2 1.33333333333333 0)
(-0.2 1.5 0)
(-0.2 1 0.1)
(-0.2 1.16666666666667 0.1)
(-0.2 1.33333333333333 0.1)
(-0.2 1.5 0.1)
(1.1875 1 0)
(1.375 1 0)
(1.5625 1 0)
(1.75 1 0)
(1.1875 1.16666666666667 0)
(1.375 1.16666666666667 0)
(1.5625 1.16666666666667 0)
(1.75 1.16666666666667 0)
(1.1875 1.33333333333333 0)
(1.375 1.33333333333333 0)
(1.5625 1.33333333333333 0)
(1.75 1.33333333333333 0)
(1.1875 1.5 0)
(1.375 1.5 0)
(1.5625 1.5 0)
(1.75 1.5 0)
(1.1875 1 0.1)
(1.375 1 0.1)
(1.5625 1 0.1)
(1.75 1 0.1)
(1.1875 1.16666666666667 0.1)
(1.375 1.16666666666667 0.1)
(1.5625 1.16666666666667 0.1)
(1.75 1.16666666666667 0.1)
(1.1875 1.33333333333333 0.1)
(1.375 1.33333333333333 0.1)
(1.5625 1.33333333333333 0.1)
(1.75 1.33333333333333 0.1)
(1.1875 1.5 0.1)
(1.375 1.5 0.1)
(1.5625 1.5 0.1)
(1.75 1.5 0.1)
(1.9375 1 0)
(2.125 1 0)
(2.3125 1 0)
(2.5 1 0)
(1.9375 1.16666666666667 0)
(2.125 1.16666666666667 0)
(2.3125 1.16666666666667 0)
(2.5 1.16666666666667 0)
(1.9375 1.33333333333333 0)
(2.125 1.33333333333333 0)
(2.3125 1.33333333333333 0)
(2.5 1.33333333333333 0)
(1.9375 1.5 0)
(2.125 1.5 0)
(2.3125 1.5 0)
(2.5 1.5 0)
(1.9375 1 0.1)
(2.125 1 0.1)
(2.3125 1 0.1)
(2.5 1 0.1)
(1.9375 1.16666666666667 0.1)
(2.125 1.16666666666667 0.1)
(2.3125 1.16666666666667 0.1)
(2.5 1.16666666666667 0.1)
(1.9375 1.33333333333333 0.1)
(2.125 1.33333333333333 0.1)
(2.3125 1.33333333333333 0.1)
(2.5 1.33333333333333 0.1)
(1.9375 1.5 0.1)
(2.125 1.5 0.1)
(2.3125 1.5 0.1)
(2.5 1.5 0.1)
)


// ************************************************************************* //
