0.0040874511514743458451
   80.628506826435341281
   23.326098836420616323
    11.01329752877949808
   5.3526053730839162625
   2.3631140653235158666
   2.1836323485985946746
   1.7817316042505977336
   1.2666879977383715961
   1.1221716633984111233
  0.99389995265627806287
  0.70815022413096406773
  0.55021903824938112049
  0.52212069126889293358
  0.48622703738504313709
   0.2892901723399695646
  0.23986630642511197475
  0.20640251456655392404
  0.16256885714070865023
  0.15316824315396043721
  0.11153064074076088352
  0.10050437255951952253
 0.088713006954525899794
  0.08186718145597823848
 0.075993925372872875301
 0.069810478286086025124
 0.065297600560393034841
 0.061047282110348433104
 0.058040379297470405529
 0.054315702736028523279
 0.047706869266918625061
 0.046729424183546496019
 0.041709947799101261545
 0.037285111993323565016
  0.03497123737327245685
 0.032286322704884212742
 0.029481089602235961006
 0.027138202703476797806
 0.024955363725500626093
  0.02299190411311865731
 0.021119995500560127116
 0.018718714375340270162
 0.017517967121912534495
 0.016991287077435399122
 0.016298210879409087692
 0.015788955530485343504
 0.014896579367041098974
 0.014027060441094819573
 0.013648013004381839147
 0.013267275629041730411
 0.012818415229812347642
 0.012365860106542289967
 0.012087875667778798933
 0.011730587386582062154
 0.011304633194403571061
 0.011056116451210632606
 0.010782149747485510541
 0.010551043346498752834
 0.010158983984389441391
0.0099997766281809674638
0.0096468120129339189617
0.0095336573092483709035
0.0091922194534309106112
 0.009021824604477668777
0.0088607408148509807233
0.0085346193512101740236
0.0083732230842033066043
  0.00826877797770213252
0.0080734220813464454419
0.0079361997072464329772
0.0077063188240629144563
0.0074746574684711880598
0.0072075982150150300423
0.0070349862180318877003
0.0068550640728656415945
0.0067346265671569868067
0.0066224190918021241109
0.0065145106937613776049
0.0061476203072275475633
 0.006106450624316050492
0.0051595193503307145225
0.0051077565030546133451
0.0050171006526727960489
0.0049432120419622754479
0.0048706029037507677162
0.0048282646166017857692
0.0047372926439867828891
0.0046803805343915670656
0.0046474621513834827799
0.0046165964798100846134
 0.004553337238545871607
0.0045143323105520955646
0.0044569736432951909122
 0.004370904482076307801
0.0043379987265464436952
0.0042918644849786503903
0.0042510999132236776052
0.0042186046316679166879
0.0041569350946611726208
0.0041009818703197434275
