0.0040671341818173736837
   80.386248068731021021
   23.118237043960014887
   10.886661091661061107
   5.2979625919652537647
   2.3496728371871595797
   2.1683898676868769151
   1.7663389257829507084
   1.2517012252887556034
   1.1031223066131805588
  0.97559021792101829895
  0.70132136670643141496
  0.54483859897261921468
  0.51663733272945933095
  0.48106985986203937289
  0.28541758010773532472
  0.23684458764380805773
  0.20349623051167414767
  0.16017011006224096681
  0.15061951616421501154
  0.11033161168669908259
 0.099410251924551967795
 0.087693663456183734706
 0.080969954585407177827
 0.075127854109550334938
 0.069070837569075116402
 0.064584557156516342324
 0.060342681186528850101
 0.057304326611865144536
 0.053644193987069564711
 0.047157843337797634986
 0.046151039117171527293
  0.04117492418178657354
 0.036849510872618444768
 0.034552450933295904278
 0.031880218689430195322
  0.02911081253752339365
 0.026800391478364250786
 0.024626427102280398773
 0.022688993852626567621
 0.020809156858821994951
 0.018500044645330955551
 0.017342438817819567226
 0.016831070506606413129
 0.016143214472219565014
 0.015632962046879212564
 0.014763641545679483461
 0.013914180569373562138
 0.013533873823852814178
 0.013157322185964943906
 0.012722539482636449626
 0.012274874407821056294
 0.011998583604009205664
 0.011640864870526897862
 0.011220042734219113842
 0.010972081774235406537
 0.010700416573537549839
   0.0104688592614126455
 0.010078594355302263053
 0.009922060058744098035
0.0095754893596722463756
0.0094639958429577359517
0.0091297555696198701841
0.0089584470363975720469
0.0087986248000710351458
0.0084797929946584076066
0.0083150306156596579671
0.0082121065576174628875
0.0080196008203838129585
0.0078866776146799735109
0.0076583700080220910855
0.0074286968179808612542
 0.007161222757613094729
0.0069896432419862195018
0.0068105398639587179377
0.0066919964046185951081
0.0065798225667193926958
0.0064741010286765900833
0.0061101411342963088055
0.0060691055606526805172
0.0051266930571183567944
0.0050757994908786959604
0.0049844203745207744591
0.0049112498156969990049
0.0048398311952744634337
0.0047982679148371966057
0.0047085340456970870698
 0.004651944159917821911
0.0046198628427986674141
0.0045882736600025807172
0.0045258365557541476581
0.0044869882951905143073
 0.004432030438930686933
0.0043478802508653512093
0.0043150460031086065871
 0.004269178378682252431
0.0042296040579915305038
0.0041970991162496827653
0.0041358106205721858334
  0.00408062325185037586
