 -4.1989564985031986311
  3.7102601112379964832
 0.78331242119116328837
  1.6614557228337298866
-0.37057103839263838552
 -1.1926617828163603718
 -3.0712587936181847681
 0.18393622952696642159
  -2.612716624332925619
 -3.4102594332817286471
  -2.187075944238843217
  -3.794751692933380216
  -1.862683937355263275
-0.60052545536333923337
  4.7555724064612636681
 -3.2415270750604232575
  2.1505883555629239368
 -4.1525884341227765617
  2.7165911242908755696
  1.6180840118872392708
  4.1150620482466475636
  4.5610294163045601579
  3.3522135523856668726
 -4.2854215620483371296
 -1.2782117939918355987
 -2.7683096787744707612
 -1.1966492031685307396
  3.2552627139982135418
  1.8712666057382083551
  0.2861534269927776819
 -2.2966072649213522539
   2.672310107235009724
 -1.0035864617692240586
  3.4867051562698119227
 -0.6662341745878732624
  3.6258424998381375559
 -2.7059566312031617663
  1.2625070364505557308
 -1.1902212752915088956
 -0.3186732555360878294
  2.8522476031688261955
  1.6227027851262612046
 0.88657505618714527174
 -4.0104363388430499526
   -3.97782267489369179
  0.6421474579917951786
  -2.251963413903472766
  3.1727656806692312585
  1.4895590238690186169
 -4.5353722896125967523
 -0.2091503074435285825
 0.60462106745905241922
 -4.9743428779646485793
 -1.8569367597144732507
  1.3191995054107152896
 -1.2525546719564846221
 0.37475356151105554403
 -4.8774497024144274349
 -2.9972919579582715244
  -2.753979837407348974
 0.40870372457835113522
-0.29389922287962377823
  4.9183302698276616383
  4.4051172628091261885
 -1.8071940712664247286
-0.74790390476021162414
  3.0309597626472637444
 0.48684930218702593407
 -4.4853968729662696546
 -3.1592615173008575802
 -4.8318239580056747684
   3.366850730202557429
  3.4634412678254040685
  1.0547510981814713915
  4.3564143913595074764
  4.4856185975883242634
  -3.303101448483346303
 -2.8955490225439648455
   2.658384273600943537
  3.1864575753856723139
  -2.430921312156562486
 -2.5507660384991979186
 -1.2089213618118881399
 -2.4052641901212110653
 0.59229720178632838667
 -4.8897218610577848352
  1.3421811379223047567
 -4.0329492413592289424
 -4.7671715634722131583
  3.3448891799640314559
 -1.7869290787665774722
 0.64153216576275085004
 -1.9490100475722038631
 -1.8685988089389162781
 0.04664942391526416543
  1.2437958858179847255
  2.3834972863008720978
 -1.9223908180940849633
 -3.2693548166516031017
  2.8981004133346024432
