/*--------------------------------*- C++ -*----------------------------------*\
| =========                 |                                                 |
| \\      /  F ield         | OpenFOAM: The Open Source CFD Toolbox           |
|  \\    /   O peration     | Version:  v2006                                 |
|   \\  /    A nd           | Website:  www.openfoam.com                      |
|    \\/     M anipulation  |                                                 |
\*---------------------------------------------------------------------------*/
FoamFile
{
    version     2.0;
    format      ascii;
    class       vectorField;
    location    "constant/polyMesh";
    object      points;
}
// * * * * * * * * * * * * * * * * * * * * * * * * * * * * * * * * * * * * * //


404
(
(0 0 0)
(0.02 0 0)
(0.04 0 0)
(0.06 0 0)
(0.08 0 0)
(0.1 0 0)
(0.12 0 0)
(0.14 0 0)
(0.16 0 0)
(0.18 0 0)
(0.2 0 0)
(0.22 0 0)
(0.24 0 0)
(0.26 0 0)
(0.28 0 0)
(0.3 0 0)
(0.32 0 0)
(0.34 0 0)
(0.36 0 0)
(0.38 0 0)
(0.4 0 0)
(0.42 0 0)
(0.44 0 0)
(0.46 0 0)
(0.48 0 0)
(0.5 0 0)
(0.52 0 0)
(0.54 0 0)
(0.56 0 0)
(0.58 0 0)
(0.6 0 0)
(0.62 0 0)
(0.64 0 0)
(0.66 0 0)
(0.68 0 0)
(0.7 0 0)
(0.72 0 0)
(0.74 0 0)
(0.76 0 0)
(0.78 0 0)
(0.8 0 0)
(0.82 0 0)
(0.84 0 0)
(0.86 0 0)
(0.88 0 0)
(0.9 0 0)
(0.92 0 0)
(0.94 0 0)
(0.96 0 0)
(0.98 0 0)
(1 0 0)
(1.02 0 0)
(1.04 0 0)
(1.06 0 0)
(1.08 0 0)
(1.1 0 0)
(1.12 0 0)
(1.14 0 0)
(1.16 0 0)
(1.18 0 0)
(1.2 0 0)
(1.22 0 0)
(1.24 0 0)
(1.26 0 0)
(1.28 0 0)
(1.3 0 0)
(1.32 0 0)
(1.34 0 0)
(1.36 0 0)
(1.38 0 0)
(1.4 0 0)
(1.42 0 0)
(1.44 0 0)
(1.46 0 0)
(1.48 0 0)
(1.5 0 0)
(1.52 0 0)
(1.54 0 0)
(1.56 0 0)
(1.58 0 0)
(1.6 0 0)
(1.62 0 0)
(1.64 0 0)
(1.66 0 0)
(1.68 0 0)
(1.7 0 0)
(1.72 0 0)
(1.74 0 0)
(1.76 0 0)
(1.78 0 0)
(1.8 0 0)
(1.82 0 0)
(1.84 0 0)
(1.86 0 0)
(1.88 0 0)
(1.9 0 0)
(1.92 0 0)
(1.94 0 0)
(1.96 0 0)
(1.98 0 0)
(2 0 0)
(0 0.5 0)
(0.02 0.5 0)
(0.04 0.5 0)
(0.06 0.5 0)
(0.08 0.5 0)
(0.1 0.5 0)
(0.12 0.5 0)
(0.14 0.5 0)
(0.16 0.5 0)
(0.18 0.5 0)
(0.2 0.5 0)
(0.22 0.5 0)
(0.24 0.5 0)
(0.26 0.5 0)
(0.28 0.5 0)
(0.3 0.5 0)
(0.32 0.5 0)
(0.34 0.5 0)
(0.36 0.5 0)
(0.38 0.5 0)
(0.4 0.5 0)
(0.42 0.5 0)
(0.44 0.5 0)
(0.46 0.5 0)
(0.48 0.5 0)
(0.5 0.5 0)
(0.52 0.5 0)
(0.54 0.5 0)
(0.56 0.5 0)
(0.58 0.5 0)
(0.6 0.5 0)
(0.62 0.5 0)
(0.64 0.5 0)
(0.66 0.5 0)
(0.68 0.5 0)
(0.7 0.5 0)
(0.72 0.5 0)
(0.74 0.5 0)
(0.76 0.5 0)
(0.78 0.5 0)
(0.8 0.5 0)
(0.82 0.5 0)
(0.84 0.5 0)
(0.86 0.5 0)
(0.88 0.5 0)
(0.9 0.5 0)
(0.92 0.5 0)
(0.94 0.5 0)
(0.96 0.5 0)
(0.98 0.5 0)
(1 0.5 0)
(1.02 0.5 0)
(1.04 0.5 0)
(1.06 0.5 0)
(1.08 0.5 0)
(1.1 0.5 0)
(1.12 0.5 0)
(1.14 0.5 0)
(1.16 0.5 0)
(1.18 0.5 0)
(1.2 0.5 0)
(1.22 0.5 0)
(1.24 0.5 0)
(1.26 0.5 0)
(1.28 0.5 0)
(1.3 0.5 0)
(1.32 0.5 0)
(1.34 0.5 0)
(1.36 0.5 0)
(1.38 0.5 0)
(1.4 0.5 0)
(1.42 0.5 0)
(1.44 0.5 0)
(1.46 0.5 0)
(1.48 0.5 0)
(1.5 0.5 0)
(1.52 0.5 0)
(1.54 0.5 0)
(1.56 0.5 0)
(1.58 0.5 0)
(1.6 0.5 0)
(1.62 0.5 0)
(1.64 0.5 0)
(1.66 0.5 0)
(1.68 0.5 0)
(1.7 0.5 0)
(1.72 0.5 0)
(1.74 0.5 0)
(1.76 0.5 0)
(1.78 0.5 0)
(1.8 0.5 0)
(1.82 0.5 0)
(1.84 0.5 0)
(1.86 0.5 0)
(1.88 0.5 0)
(1.9 0.5 0)
(1.92 0.5 0)
(1.94 0.5 0)
(1.96 0.5 0)
(1.98 0.5 0)
(2 0.5 0)
(0 0 0.5)
(0.02 0 0.5)
(0.04 0 0.5)
(0.06 0 0.5)
(0.08 0 0.5)
(0.1 0 0.5)
(0.12 0 0.5)
(0.14 0 0.5)
(0.16 0 0.5)
(0.18 0 0.5)
(0.2 0 0.5)
(0.22 0 0.5)
(0.24 0 0.5)
(0.26 0 0.5)
(0.28 0 0.5)
(0.3 0 0.5)
(0.32 0 0.5)
(0.34 0 0.5)
(0.36 0 0.5)
(0.38 0 0.5)
(0.4 0 0.5)
(0.42 0 0.5)
(0.44 0 0.5)
(0.46 0 0.5)
(0.48 0 0.5)
(0.5 0 0.5)
(0.52 0 0.5)
(0.54 0 0.5)
(0.56 0 0.5)
(0.58 0 0.5)
(0.6 0 0.5)
(0.62 0 0.5)
(0.64 0 0.5)
(0.66 0 0.5)
(0.68 0 0.5)
(0.7 0 0.5)
(0.72 0 0.5)
(0.74 0 0.5)
(0.76 0 0.5)
(0.78 0 0.5)
(0.8 0 0.5)
(0.82 0 0.5)
(0.84 0 0.5)
(0.86 0 0.5)
(0.88 0 0.5)
(0.9 0 0.5)
(0.92 0 0.5)
(0.94 0 0.5)
(0.96 0 0.5)
(0.98 0 0.5)
(1 0 0.5)
(1.02 0 0.5)
(1.04 0 0.5)
(1.06 0 0.5)
(1.08 0 0.5)
(1.1 0 0.5)
(1.12 0 0.5)
(1.14 0 0.5)
(1.16 0 0.5)
(1.18 0 0.5)
(1.2 0 0.5)
(1.22 0 0.5)
(1.24 0 0.5)
(1.26 0 0.5)
(1.28 0 0.5)
(1.3 0 0.5)
(1.32 0 0.5)
(1.34 0 0.5)
(1.36 0 0.5)
(1.38 0 0.5)
(1.4 0 0.5)
(1.42 0 0.5)
(1.44 0 0.5)
(1.46 0 0.5)
(1.48 0 0.5)
(1.5 0 0.5)
(1.52 0 0.5)
(1.54 0 0.5)
(1.56 0 0.5)
(1.58 0 0.5)
(1.6 0 0.5)
(1.62 0 0.5)
(1.64 0 0.5)
(1.66 0 0.5)
(1.68 0 0.5)
(1.7 0 0.5)
(1.72 0 0.5)
(1.74 0 0.5)
(1.76 0 0.5)
(1.78 0 0.5)
(1.8 0 0.5)
(1.82 0 0.5)
(1.84 0 0.5)
(1.86 0 0.5)
(1.88 0 0.5)
(1.9 0 0.5)
(1.92 0 0.5)
(1.94 0 0.5)
(1.96 0 0.5)
(1.98 0 0.5)
(2 0 0.5)
(0 0.5 0.5)
(0.02 0.5 0.5)
(0.04 0.5 0.5)
(0.06 0.5 0.5)
(0.08 0.5 0.5)
(0.1 0.5 0.5)
(0.12 0.5 0.5)
(0.14 0.5 0.5)
(0.16 0.5 0.5)
(0.18 0.5 0.5)
(0.2 0.5 0.5)
(0.22 0.5 0.5)
(0.24 0.5 0.5)
(0.26 0.5 0.5)
(0.28 0.5 0.5)
(0.3 0.5 0.5)
(0.32 0.5 0.5)
(0.34 0.5 0.5)
(0.36 0.5 0.5)
(0.38 0.5 0.5)
(0.4 0.5 0.5)
(0.42 0.5 0.5)
(0.44 0.5 0.5)
(0.46 0.5 0.5)
(0.48 0.5 0.5)
(0.5 0.5 0.5)
(0.52 0.5 0.5)
(0.54 0.5 0.5)
(0.56 0.5 0.5)
(0.58 0.5 0.5)
(0.6 0.5 0.5)
(0.62 0.5 0.5)
(0.64 0.5 0.5)
(0.66 0.5 0.5)
(0.68 0.5 0.5)
(0.7 0.5 0.5)
(0.72 0.5 0.5)
(0.74 0.5 0.5)
(0.76 0.5 0.5)
(0.78 0.5 0.5)
(0.8 0.5 0.5)
(0.82 0.5 0.5)
(0.84 0.5 0.5)
(0.86 0.5 0.5)
(0.88 0.5 0.5)
(0.9 0.5 0.5)
(0.92 0.5 0.5)
(0.94 0.5 0.5)
(0.96 0.5 0.5)
(0.98 0.5 0.5)
(1 0.5 0.5)
(1.02 0.5 0.5)
(1.04 0.5 0.5)
(1.06 0.5 0.5)
(1.08 0.5 0.5)
(1.1 0.5 0.5)
(1.12 0.5 0.5)
(1.14 0.5 0.5)
(1.16 0.5 0.5)
(1.18 0.5 0.5)
(1.2 0.5 0.5)
(1.22 0.5 0.5)
(1.24 0.5 0.5)
(1.26 0.5 0.5)
(1.28 0.5 0.5)
(1.3 0.5 0.5)
(1.32 0.5 0.5)
(1.34 0.5 0.5)
(1.36 0.5 0.5)
(1.38 0.5 0.5)
(1.4 0.5 0.5)
(1.42 0.5 0.5)
(1.44 0.5 0.5)
(1.46 0.5 0.5)
(1.48 0.5 0.5)
(1.5 0.5 0.5)
(1.52 0.5 0.5)
(1.54 0.5 0.5)
(1.56 0.5 0.5)
(1.58 0.5 0.5)
(1.6 0.5 0.5)
(1.62 0.5 0.5)
(1.64 0.5 0.5)
(1.66 0.5 0.5)
(1.68 0.5 0.5)
(1.7 0.5 0.5)
(1.72 0.5 0.5)
(1.74 0.5 0.5)
(1.76 0.5 0.5)
(1.78 0.5 0.5)
(1.8 0.5 0.5)
(1.82 0.5 0.5)
(1.84 0.5 0.5)
(1.86 0.5 0.5)
(1.88 0.5 0.5)
(1.9 0.5 0.5)
(1.92 0.5 0.5)
(1.94 0.5 0.5)
(1.96 0.5 0.5)
(1.98 0.5 0.5)
(2 0.5 0.5)
)


// ************************************************************************* //
